	1	2	3	4	5	6	7	8	9	10	11	12	13	14	15	16	17	18	19	20	21	22	23	24	25	26	27	28	29	30	31	32	33	34	35	36	37	38	39	40	41	42	43	44	45	46	47	48	49	50	51	52	53	54	55	56	57	58	59	60	61	62	63	64	65	66	67	68	69	70	71	72	73	74	75	76	77	78	79	80	81	82	83	84	85	86	87	88	89	90	91	92	93	94	95	96	97	98	99	100
	99	98	99	98	90	99	99	99	98	98	99	99	99	99	99	99	97	98	99	98	98	99	99	98	98	98	99	99	99	99	99	98	98	97	99	95	99	98	99	99	99	99	99	99	93	97	93	96	95	97	98	98	99	98	98	98	97	99	99	99	99	99	99	98	99	96	99	94	99	99	97	98	94	99	99	99	99	99	97	98	98	99	97	96	98	96	99	99	99	99	99	98	98	99	98	96	97	99	99	99	9802


	1	2	3	4	5	6	7	8	9	10	11	12	13	14	15	16	17	18	19	20	21	22	23	24	25	26	27	28	29	30	31	32	33	34	35	36	37	38	39	40	41	42	43	44	45	46	47	48	49	50	51	52	53	54	55	56	57	58	59	60	61	62	63	64	65	66	67	68	69	70	71	72	73	74	75	76	77	78	79	80
	79	78	78	79	73	79	79	78	78	79	79	78	78	79	79	77	79	78	73	79	79	79	79	78	76	79	77	78	78	78	78	78	79	79	79	76	79	78	79	78	78	78	79	76	79	77	79	79	78	79	78	77	79	79	79	74	74	77	78	77	79	79	78	79	76	79	79	79	78	79	76	78	79	79	78	75	78	79	79	79	6242

	1	2	3	4	5	6	7	8	9	10	11	12	13	14	15	16	17	18	19	20	21	22	23	24	25	26	27	28	29	30	31	32	33	34	35	36	37	38	39	40
	39	39	39	39	32	36	39	38	39	38	38	39	39	39	39	37	36	37	38	38	38	36	39	39	39	38	38	35	39	39	39	39	36	38	38	38	39	39	39	39	1522

	
	1	2	3	4	5	6	7	8	9	10	11	12	13	14	15	16	17	18	19	20
	19	17	18	17	13	19	19	18	16	19	19	19	19	19	16	19	19	19	19	19	362
	